0.0000000000000
0.0000000000000
0.0000000000000
0.0000000000000
0.0000000000000
0.0000000000000
0.0000000000000
0.0000000000000
0.0000000000000
0.0000000000000
0.0000000000000
0.0000000000000
0.0000000000000
0.0000000000000
0.0000000000000
0.0000000000000
0.0000000000000
0.0000000000000
0.0000000000000
0.0000000000000
0.0000000000000
0.0000000000000
0.0000000000000
0.0000000000000
0.0000000000000
0.0000000000000
0.0000000000000
0.0000000000000
0.0000000000000
0.0000000000000
0.0000000000000
0.0000000000000
0.0000000000000
0.0000000000000
0.0000000000000
0.0000000000000
0.0000000000000
0.0000000000000
0.0000000000000
0.0000000000000
0.0000000000000
0.0000000000000
0.0000000000000
0.0000000000000
0.0000000000000
0.0000000000000
0.0000000000000
0.0000000000000
0.0000000000000
0.0000000000000
0.0000000000000
0.0000000000000
0.0000000000000
0.0000000000000
0.0000000000000
0.0000000000000
0.0000000000000
0.0000000000000
0.0000000000000
0.0000000000000
0.0000000000000
0.0000000000000
0.0000000000000
0.0000000000000
0.0000000000000
0.0000000000000
0.0000000000000
0.0000000000000
0.0000000000000
0.0000000000000
0.0000000000000
0.0000000000000
0.0000000000000
0.0000000000000
0.0000000000000
0.0000000000000
0.0000000000000
0.0000000000000
0.0000000000000
0.0000000000000
0.0000000000000
0.0000000000000
0.0000000000000
0.0000000000000
0.0000000000000
0.0000000000000
0.0000000000000
0.0000000000000
0.0000000000000
0.0000000000000
0.0000000000000
0.0000000000000
0.0000000000000
0.0000000000000
0.0000000000000
0.0000000000000
0.0000000000000
0.0000000000000
0.0000000000000
0.0000000000000
0.0000000000000
0.0000000000000
0.0000000000000
0.0000000000000
0.0000000000000
0.0000000000000
0.0000000000000
0.0000000000000
0.0000000000000
0.0000000000000
0.0000000000000
0.0000000000000
0.0000000000000
0.0000000000000
0.0000000000000
0.0000000000000
0.0000000000000
0.0000000000000
0.0000000000000
0.0000000000000
0.0000000000000
0.0000000000000
0.0000000000000
0.0000000000000
0.0000000000000
0.0000000000000
0.0000000000000
0.0000000000000
0.0000000000000
0.0000000000000
0.0000000000000
0.0000000000000
0.0000000000000
0.0000000000000
0.0000000000000
0.0000000000000
0.0000000000000
0.0000000000000
0.0000000000000
0.0000000000000
0.0000000000000
0.0000000000000
0.0000000000000
0.0000000000000
0.0000000000000
0.0000000000000
0.0000000000000
0.0000000000000
0.0000000000000
0.0000000000000
0.0000000000000
0.0000000000000
0.0000000000000
0.0000000000000
0.0000000000000
0.0000000000000
0.0000000000000
0.0000000000000
0.0000000000000
0.0000000000000
0.0000000000000
0.0000000000000
0.0000000000000
0.0000000000000
0.0000000000000
0.0000000000000
0.0000000000000
0.0000000000000
0.0000000000000
0.0000000000000
0.0000000000000
0.0000000000000
0.0000000000000
0.0000000000000
0.0000000000000
0.0000000000000
0.0000000000000
0.0000000000000
0.0000000000000
0.0000000000000
0.0000000000000
0.0000000000000
0.0000000000000
0.0000000000000
0.0000000000000
0.0000000000000
0.0000000000000
0.0000000000000
0.0000000000000
0.0000000000000
0.0000000000000
0.0000000000000
0.0000000000000
0.0000000000000
0.0000000000000
0.0000000000000
0.0000000000000
0.0000000000000
0.0000000000000
0.0000000000000
0.0000000000000
0.0000000000000
0.0000000000000
0.0000000000000
0.0000000000000
0.0000000000000
0.0000000000000
0.0000000000000
0.0000000000000
0.0000000000000
0.0000000000000
0.0000000000000
0.0000000000000
0.0000000000000
0.0000000000000
0.0000000000000
0.0000000000000
0.0000000000000
0.0000000000000
0.0000000000000
0.0000000000000
0.0000000000000
0.0000000000000
0.0000000000000
0.0000000000000
0.0000000000000
0.0000000000000
0.0000000000000
0.0000000000000
0.0000000000000
0.0000000000000
0.0000000000000
0.0000000000000
0.0000000000000
0.0000000000000
0.0000000000000
0.0000000000000
0.0000000000000
0.0000000000000
0.0000000000000
0.0000000000000
0.0000000000000
0.0000000000000
0.0000000000000
0.0000000000000
0.0000000000000
0.0000000000000
0.0000000000000
0.0000000000000
0.0000000000000
0.0000000000000
0.0000059472968
0.0000135148408
0.0000206167265
0.0000273310745
0.0000337168945
0.0000398192598
0.0000456736091
0.0000513084438
0.0000567471138
0.0000620090478
0.0000671106262
0.0000720658174
0.0000768866516
0.0000815835802
0.0000861657538
0.0000906412395
0.0000950171936
0.0000993000002
0.0001034953836
0.0001076085008
0.0001116440170
0.0001156061699
0.0001194988224
0.0001233255077
0.0001270894676
0.0001307936853
0.0001344409133
0.0001380336980
0.0001415744002
0.0001450652145
0.0001485081843
0.0001519052166
0.0001552580945
0.0001585684877
0.0001618379632
0.0001650679930
0.0001682599628
0.0001714151785
0.0001745348727
0.0001776202100
0.0001806722928
0.0001836921653
0.0001866808178
0.0001896391908
0.0001925681782
0.0001954686306
0.0001983413581
0.0002011871330
0.0002040066921
0.0002068007394
0.0002095699474
0.0002123149596
0.0002150363921
0.0002177348351
0.0002204108544
0.0002230649929
0.0002256977718
0.0002283096919
0.0002309012346
0.0002334728628
0.0002360250223
0.0002385581423
0.0002410726363
0.0002435689030
0.0002460473272
0.0002485082799
0.0002509521196
0.0002533791927
0.0002557898338
0.0002581843664
0.0002605631038
0.0002629263488
0.0002652743949
0.0002676075262
0.0002699260182
0.0002722301377
0.0002745201436
0.0002767962871
0.0002790588119
0.0002813079546
0.0002835439450
0.0002857670064
0.0002879773557
0.0002901752039
0.0002923607560
0.0002945342116
0.0002966957648
0.0002988456045
0.0003009839148
0.0003031108747
0.0003052266588
0.0003073314371
0.0003094253755
0.0003115086356
0.0003135813748
0.0003156437470
0.0003176959022
0.0003197379866
0.0003217701432
0.0003237925114
0.0003258052276
0.0003278084246
0.0003298022326
0.0003317867786
0.0003337621868
0.0003357285785
0.0003376860724
0.0003396347847
0.0003415748289
0.0003435063160
0.0003454293550
0.0003473440520
0.0003492505114
0.0003511488351
0.0003530391230
0.0003549214729
0.0003567959808
0.0003586627404
0.0003605218438
0.0003623733812
0.0003642174410
0.0003660541098
0.0003678834728
0.0003697056131
0.0003715206127
0.0003733285516
0.0003751295085
0.0003769235608
0.0003787107842
0.0003804912530
0.0003822650403
0.0003840322178
0.0003857928559
0.0003875470237
0.0003892947892
0.0003910362191
0.0003927713788
0.0003945003329
0.0003962231446
0.0003979398762
0.0003996505886
0.0004013553421
0.0004030541957
0.0004047472076
0.0004064344349
0.0004081159337
0.0004097917593
0.0004114619662
0.0004131266078
0.0004147857367
0.0004164394047
0.0004180876627
0.0004197305610
0.0004213681489
0.0004230004751
0.0004246275872
0.0004262495326
0.0004278663575
0.0004294781076
0.0004310848279
0.0004326865628
0.0004342833559
0.0004358752502
0.0004374622880
0.0004390445111
0.0004406219607
0.0004421946772
0.0004437627006
0.0004453260703
0.0004468848251
0.0004484390033
0.0004499886426
0.0004515337801
0.0004530744525
0.0004546106961
0.0004561425464
0.0004576700386
0.0004591932075
0.0004607120872
0.0004622267114
0.0004637371135
0.0004652433263
0.0004667453823
0.0004682433134
0.0004697371512
0.0004712269268
0.0004727126709
0.0004741944139
0.0004756721858
0.0004771460161
0.0004786159340
0.0004800819683
0.0004815441475
0.0004830024995
0.0004844570523
0.0004859078331
0.0004873548690
0.0004887981867
0.0004902378125
0.0004916737727
0.0004931060928
0.0004945347983
0.0004959599144
0.0004973814658
0.0004987994771
0.0005002139724
0.0005016249758
0.0005030325109
0.0005044366011
0.0005058372694
0.0005072345386
0.0005086284315
0.0005100189702
0.0005114061768
0.0005127900731
0.0005141706807
0.0005155480208
0.0005169221146
0.0005182929827
0.0005196606459
0.0005210251245
0.0005223864385
0.0005237446080
0.0005250996526
0.0005264515917
0.0005278004447
0.0005291462305
0.0005304889680
0.0005318286759
0.0005331653725
0.0005344990761
0.0005358298048
0.0005371575764
0.0005384824085
0.0005398043186
0.0005411233241
0.0005424394419
0.0005437526891
0.0005450630823
0.0005463706382
0.0005476753731
0.0005489773033
0.0005502764449
0.0005515728137
0.0005528664255
0.0005541572959
0.0005554454403
0.0005567308739
0.0005580136118
0.0005592936691
0.0005605710605
0.0005618458007
0.0005631179042
0.0005643873854
0.0005656542585
0.0005669185376
0.0005681802367
0.0005694393695
0.0005706959497
0.0005719499910
0.0005732015067
0.0005744505101
0.0005756970143
0.0005769410325
0.0005781825774
0.0005794216620
0.0005806582988
0.0005818925004
0.0005831242793
0.0005843536477
0.0005855806179
0.0005868052018
0.0005880274116
0.0005892472590
0.0005904647557
0.0005916799136
0.0005928927439
0.0005941032583
0.0005953114679
0.0005965173841
0.0005977210179
0.0005989223804
0.0006001214824
0.0006013183348
0.0006025129483
0.0006037053335
0.0006048955009
0.0006060834610
0.0006072692241
0.0006084528004
0.0006096342002
0.0006108134334
0.0006119905101
0.0006131654400
0.0006143382332
0.0006155088991
0.0006166774476
0.0006178438881
0.0006190082300
0.0006201704828
0.0006213306558
0.0006224887582
0.0006236447990
0.0006247987875
0.0006259507325
0.0006271006430
0.0006282485278
0.0006293943956
0.0006305382551
0.0006316801150
0.0006328199837
0.0006339578698
0.0006350937815
0.0006362277273
0.0006373597154
0.0006384897539
0.0006396178509
0.0006407440145
0.0006418682528
0.0006429905734
0.0006441109844
0.0006452294935
0.0006463461084
0.0006474608368
0.0006485736861
0.0006496846640
0.0006507937780
0.0006519010353
0.0006530064434
0.0006541100095
0.0006552117408
0.0006563116445
0.0006574097277
0.0006585059974
0.0006596004607
0.0006606931244
0.0006617839953
0.0006628730804
0.0006639603864
0.0006650459200
0.0006661296877
0.0006672116963
0.0006682919523
0.0006693704621
0.0006704472322
0.0006715222689
0.0006725955787
0.0006736671677
0.0006747370423
0.0006758052085
0.0006768716726
0.0006779364406
0.0006789995185
0.0006800609123
0.0006811206280
0.0006821786714
0.0006832350485
0.0006842897649
0.0006853428264
0.0006863942387
0.0006874440076
0.0006884921385
0.0006895386371
0.0006905835089
0.0006916267593
0.0006926683938
0.0006937084178
0.0006947468366
0.0006957836556
0.0006968188800
0.0006978525149
0.0006988845657
0.0006999150373
0.0007009439350
0.0007019712638
0.0007029970286
0.0007040212346
0.0007050438864
0.0007060649892
0.0007070845477
0.0007081025668
0.0007091190512
0.0007101340056
0.0007111474348
0.0007121593435
0.0007131697361
0.0007141786174
0.0007151859919
0.0007161918641
0.0007171962384
0.0007181991194
0.0007192005113
0.0007202004187
0.0007211988457
0.0007221957967
0.0007231912760
0.0007241852877
0.0007251778362
0.0007261689254
0.0007271585596
0.0007281467428
0.0007291334792
0.0007301187726
0.0007311026271
0.0007320850467
0.0007330660352
0.0007340455965
0.0007350237346
0.0007360004532
0.0007369757561
0.0007379496470
0.0007389221298
0.0007398932080
0.0007408628853
0.0007418311655
0.0007427980520
0.0007437635484
0.0007447276583
0.0007456903851
0.0007466517324
0.0007476117036
0.0007485703021
0.0007495275312
0.0007504833944
0.0007514378950
0.0007523910362
0.0007533428213
0.0007542932535
0.0007552423361
0.0007561900722
0.0007571364650
0.0007580815175
0.0007590252329
0.0007599676142
0.0007609086645
0.0007618483867
0.0007627867838
0.0007637238589
0.0007646596146
0.0007655940541
0.0007665271800
0.0007674589954
0.0007683895028
0.0007693187053
0.0007702466053
0.0007711732058
0.0007720985094
0.0007730225187
0.0007739452364
0.0007748666651
0.0007757868073
0.0007767056658
0.0007776232428
0.0007785395410
0.0007794545629
0.0007803683108
0.0007812807872
0.0007821919945
0.0007831019351
0.0007840106112
0.0007849180252
0.0007858241795
0.0007867290762
0.0007876327175
0.0007885351057
0.0007894362430
0.0007903361315
0.0007912347733
0.0007921321706
0.0007930283254
0.0007939232397
0.0007948169156
0.0007957093550
0.0007966005600
0.0007974905325
0.0007983792743
0.0007992667874
0.0008001530736
0.0008010381348
0.0008019219728
0.0008028045893
0.0008036859862
0.0008045661650
0.0008054451276
0.0008063228757
0.0008071994107
0.0008080747345
0.0008089488486
0.0008098217545
0.0008106934537
0.0008115639479
0.0008124332385
0.0008133013270
0.0008141682148
0.0008150339032
0.0008158983937
0.0008167616877
0.0008176237865
0.0008184846913
0.0008193444034
0.0008202029242
0.0008210602547
0.0008219163963
0.0008227713500
0.0008236251170
0.0008244776984
0.0008253290953
0.0008261793087
0.0008270283397
0.0008278761892
0.0008287228583
0.0008295683479
0.0008304126588
0.0008312557920
0.0008320977483
0.0008329385285
0.0008337781335
0.0008346165640
0.0008354538208
0.0008362899045
0.0008371248158
0.0008379585554
0.0008387911240
0.0008396225220
0.0008404527501
0.0008412818087
0.0008421096985
0.0008429364198
0.0008437619731
0.0008445863588
0.0008454095773
0.0008462316288
0.0008470525138
0.0008478722326
0.0008486907852
0.0008495081721
0.0008503243933
0.0008511394490
0.0008519533394
0.0008527660644
0.0008535776242
0.0008543880188
0.0008551972481
0.0008560053121
0.0008568122108
0.0008576179439
0.0008584225114
0.0008592259130
0.0008600281485
0.0008608292177
0.0008616291202
0.0008624278558
0.0008632254239
0.0008640218243
0.0008648170565
0.0008656111199
0.0008664040141
0.0008671957384
0.0008679862923
0.0008687756752
0.0008695638862
0.0008703509248
0.0008711367902
0.0008719214814
0.0008727049977
0.0008734873382
0.0008742685019
0.0008750484879
0.0008758272951
0.0008766049225
0.0008773813689
0.0008781566331
0.0008789307140
0.0008797036104
0.0008804753208
0.0008812458440
0.0008820151785
0.0008827833229
0.0008835502755
0.0008843160219
0.0008850798677
0.0008858038253
0.0008844023585
0.0007870187405
0.0001672980530
0.0000001695979
0.0000000000000
0.0000000000000
0.0000000000000
0.0000000000000
0.0000000000000
0.0000000000000
0.0000000000000
0.0000000000000
0.0000000000000
0.0000000000000
0.0000000000000
0.0000000000000
0.0000000000000
0.0000000000000
0.0000000000000
0.0000000000000
0.0000000000000
0.0000000000000
0.0000000000000
0.0000000000000
0.0000000000000
0.0000000000000
0.0000000000000
0.0000000000000
0.0000000000000
0.0000000000000
0.0000000000000
0.0000000000000
0.0000000000000
0.0000000000000
0.0000000000000
0.0000000000000
0.0000000000000
0.0000000000000
0.0000000000000
0.0000000000000
0.0000000000000
0.0000000000000
0.0000000000000
0.0000000000000
0.0000000000000
0.0000000000000
0.0000000000000
0.0000000000000
0.0000000000000
0.0000000000000
0.0000000000000
0.0000000000000
0.0000000000000
0.0000000000000
0.0000000000000
0.0000000000000
0.0000000000000
0.0000000000000
0.0000000000000
0.0000000000000
0.0000000000000
0.0000000000000
0.0000000000000
0.0000000000000
0.0000000000000
0.0000000000000
0.0000000000000
0.0000000000000
0.0000000000000
0.0000000000000
0.0000000000000
0.0000000000000
0.0000000000000
0.0000000000000
0.0000000000000
0.0000000000000
0.0000000000000
0.0000000000000
0.0000000000000
0.0000000000000
0.0000000000000
0.0000000000000
0.0000000000000
0.0000000000000
0.0000000000000
0.0000000000000
0.0000000000000
0.0000000000000
0.0000000000000
0.0000000000000
0.0000000000000
0.0000000000000
0.0000000000000
0.0000000000000
0.0000000000000
0.0000000000000
0.0000000000000
0.0000000000000
0.0000000000000
0.0000000000000
0.0000000000000
0.0000000000000
0.0000000000000
0.0000000000000
0.0000000000000
0.0000000000000
0.0000000000000
0.0000000000000
0.0000000000000
0.0000000000000
0.0000000000000
0.0000000000000
0.0000000000000
0.0000000000000
0.0000000000000
0.0000000000000
0.0000000000000
0.0000000000000
0.0000000000000
0.0000000000000
0.0000000000000
0.0000000000000
0.0000000000000
0.0000000000000
0.0000000000000
0.0000000000000
0.0000000000000
0.0000000000000
0.0000000000000
0.0000000000000
0.0000000000000
0.0000000000000
0.0000000000000
0.0000000000000
0.0000000000000
0.0000000000000
0.0000000000000
0.0000000000000
0.0000000000000
0.0000000000000
0.0000000000000
0.0000000000000
0.0000000000000
0.0000000000000
0.0000000000000
0.0000000000000
0.0000000000000
0.0000000000000
0.0000000000000
0.0000000000000
0.0000000000000
0.0000000000000
0.0000000000000
0.0000000000000
0.0000000000000
0.0000000000000
0.0000000000000
0.0000000000000
0.0000000000000
0.0000000000000
0.0000000000000
0.0000000000000
0.0000000000000
0.0000000000000
0.0000000000000
0.0000000000000
0.0000000000000
0.0000000000000
0.0000000000000
