0.0000000000000
0.0000000000000
0.0000000000000
0.0000000000000
0.0000000000000
0.0000000000000
0.0000000000000
0.0000000000000
0.0000000000000
0.0000000000000
0.0000000000000
0.0000000000000
0.0000000000000
0.0000000000000
0.0000000000000
0.0000000000000
0.0000000000000
0.0000000000000
0.0000000000000
0.0000000000000
0.0000000000000
0.0000000000000
0.0000000000000
0.0000000000000
0.0000000000000
0.0000000000000
0.0000000000000
0.0000000000000
0.0000000000000
0.0000000000000
0.0000000000000
0.0000000000000
0.0000314736878
0.0000919897353
0.0001492763004
0.0002037712086
0.0002558658261
0.0003058333476
0.0003538757305
0.0004001472379
0.0004447676573
0.0004878306047
0.0005294090685
0.0005695592304
0.0006083231399
0.0006457305871
0.0006818003933
0.0007165412576
0.0007499522497
0.0007820230037
0.0008127336464
0.0008420544725
0.0008699453682
0.0008963549712
0.0009212195436
0.0009444615279
0.0009659877469
0.0009856872088
0.0010034284856
0.0010190566647
0.0010323899437
0.0010432160927
0.0010512893124
0.0010563286044
0.0010580198464
0.0010560307100
0.0010500542586
0.0010398425242
0.0010252824067
0.0010065080592
0.0009840236700
0.0009587632094
0.0009319666854
0.0009047928697
0.0008777791059
0.0008504652804
0.0008214735863
0.0007891839648
0.0007531804545
0.0007158994482
0.0006811996111
0.0006485323336
0.0006118957355
0.0005691587133
0.0005261534144
0.0004852761866
0.0004425117294
0.0003969053693
0.0003500289953
0.0003017818736
0.0002517067622
0.0001997104712
0.0001456263258
0.0000892031029
0.0000301184057
-0.0000001079593
-0.0000000000001
-0.0000000000000
-0.0000000000000
0.0000000000000
0.0000000000000
0.0000000000000
0.0000000000000
0.0000000000000
0.0000000000000
0.0000000000000
0.0000000000000
0.0000000000000
0.0000000000000
0.0000000000000
0.0000000000000
0.0000000000000
0.0000000000000
0.0000000000000
0.0000000000000
0.0000000000000
0.0000000000000
0.0000000000000
0.0000000000000
0.0000000000000
0.0000000000000
0.0000000000000
0.0000000000000
0.0000000000000
0.0000000000000
0.0000000000000
0.0000000000000
