0.0000000000000
0.0000000000000
0.0000000000000
0.0000000000000
0.0000000000000
0.0000000000000
0.0000000000000
0.0000000000000
0.0000000000000
0.0000000000000
0.0000000000000
0.0000000000000
0.0000000000000
0.0000377990401
0.0001223321333
0.0001656390531
0.0002002060740
0.0002299711585
0.0002565248768
0.0002807212224
0.0003030877856
0.0003239792069
0.0003436477869
0.0003622805121
0.0003800203033
0.0003969790410
0.0004132459576
0.0004288932474
0.0004439774768
0.0004585144298
0.0004745153360
0.0004717152570
0.0004501566694
nan
nan
nan
nan
nan
nan
nan
nan
nan
nan
nan
nan
nan
nan
nan
nan
0.0000000000000
0.0000000000000
0.0000000000000
