0.0000000000000
0.0000000000000
0.0000000000000
0.0000000000000
0.0000000000000
0.0000000000000
0.0000000000000
0.0000000000000
0.0000000000000
0.0000000000000
0.0000000000000
0.0000000000000
0.0000000000000
0.0000000000000
0.0000000000000
0.0000000000000
0.0000000000000
0.0000000000000
0.0000000000000
0.0000000000000
0.0000000000000
0.0000000000000
0.0000000000000
0.0000000000000
0.0000000000000
0.0000000000000
0.0000000000000
0.0000000000000
0.0000000000000
0.0000000000000
0.0000000000000
0.0000000000000
0.0000000000000
0.0000000000000
0.0000000000000
0.0000000000000
0.0000000000000
0.0000000000000
0.0000000000000
0.0000000000000
0.0000000000000
0.0000000000000
0.0000000000000
0.0000000000000
0.0000000000000
0.0000000000000
0.0000000000000
0.0000000000000
0.0000000000000
0.0000000000000
0.0000000000000
0.0000000000000
0.0000000000000
0.0000000000000
0.0000000000000
0.0000000000000
0.0000000000000
0.0000000000000
0.0000000000000
0.0000000000000
0.0000000000000
0.0000000000000
0.0000000000000
0.0000078379951
0.0000301023785
0.0000430970173
0.0000536205418
0.0000627383672
0.0000709083776
0.0000783811918
0.0000853123524
0.0000918064942
0.0000979381096
0.0001037625169
0.0001093221617
0.0001146504738
0.0001197743508
0.0001247158231
0.0001294932087
0.0001341219367
0.0001386151501
0.0001429841543
0.0001472387595
0.0001513875440
0.0001554380612
0.0001593970035
0.0001632703345
0.0001670633950
0.0001707809912
0.0001744274667
0.0001780067627
0.0001815224681
0.0001849778628
0.0001883759532
0.0001917195032
0.0001950110613
0.0001982529827
0.0002014474498
0.0002045964893
0.0002077019871
0.0002107657021
0.0002137892775
0.0002167742515
0.0002197220660
0.0002226340755
0.0002255115537
0.0002283557006
0.0002311676481
0.0002339484652
0.0002366991632
0.0002394206993
0.0002421139815
0.0002447798710
0.0002474191865
0.0002500327063
0.0002526211716
0.0002551852886
0.0002577257310
0.0002602431417
0.0002627381353
0.0002652112992
0.0002676631958
0.0002700943634
0.0002725053183
0.0002748965555
0.0002772685499
0.0002796217580
0.0002819566183
0.0002842735523
0.0002865729660
0.0002888552498
0.0002911207801
0.0002933699197
0.0002956030183
0.0002978204134
0.0003000224309
0.0003022093853
0.0003043815809
0.0003065393115
0.0003086828614
0.0003108125058
0.0003129285110
0.0003150311348
0.0003171206272
0.0003191972303
0.0003212611788
0.0003233127006
0.0003253520165
0.0003273793412
0.0003293948829
0.0003313988438
0.0003333914206
0.0003353728044
0.0003373431807
0.0003393027305
0.0003412516293
0.0003431900483
0.0003451181541
0.0003470361086
0.0003489440700
0.0003508421920
0.0003527306245
0.0003546095139
0.0003564790026
0.0003583392296
0.0003601903305
0.0003620324376
0.0003638656801
0.0003656901842
0.0003675060728
0.0003693134662
0.0003711124819
0.0003729032347
0.0003746858368
0.0003764603977
0.0003782270248
0.0003799858228
0.0003817368942
0.0003834803395
0.0003852162568
0.0003869447421
0.0003886658895
0.0003903797910
0.0003920865369
0.0003937862153
0.0003954789128
0.0003971647141
0.0003988437022
0.0004005159585
0.0004021815628
0.0004038405933
0.0004054931265
0.0004071392377
0.0004087790007
0.0004104124877
0.0004120397698
0.0004136609165
0.0004152759962
0.0004168850760
0.0004184882217
0.0004200854979
0.0004216769682
0.0004232626948
0.0004248427390
0.0004264171609
0.0004279860196
0.0004295493731
0.0004311072786
0.0004326597919
0.0004342069683
0.0004357488620
0.0004372855260
0.0004388170129
0.0004403433742
0.0004418646603
0.0004433809212
0.0004448922058
0.0004463985624
0.0004479000383
0.0004493966802
0.0004508885341
0.0004523756450
0.0004538580576
0.0004553358156
0.0004568089621
0.0004582775395
0.0004597415897
0.0004612011538
0.0004626562723
0.0004641069852
0.0004655533317
0.0004669953507
0.0004684330803
0.0004698665580
0.0004712958211
0.0004727209059
0.0004741418485
0.0004755586844
0.0004769714484
0.0004783801752
0.0004797848987
0.0004811856523
0.0004825824692
0.0004839753819
0.0004853644225
0.0004867496228
0.0004881310140
0.0004895086269
0.0004908824919
0.0004922526391
0.0004936190981
0.0005134921839
