0.0000000000000
0.0000000000000
0.0000000000000
0.0000000000000
0.0000000000000
0.0000000000000
0.0000000000000
0.0000000000000
0.0000000000000
0.0000000000000
0.0000000000000
0.0000000000000
0.0000000000000
0.0000000000000
0.0000000000000
0.0000000000000
0.0000000000000
0.0000000000000
0.0000000000000
0.0000000000000
0.0000000000000
0.0000000000000
0.0000000000000
0.0000000000000
0.0000000000000
0.0000000000000
0.0000000000000
0.0000000000000
0.0000000000000
0.0000000000000
0.0000000000000
0.0000000000000
0.0000000000000
0.0000000000000
0.0000000000000
0.0000000000000
0.0000000000000
0.0000000000000
0.0000000000000
0.0000000000000
0.0000000000000
0.0000000000000
0.0000000000000
0.0000000000000
0.0000000000000
0.0000000000000
0.0000000000000
0.0000000000000
0.0000000000000
0.0000000000000
0.0000000000000
0.0000000000000
0.0000000000000
0.0000000000000
0.0000000000000
0.0000000000000
0.0000000000000
0.0000000000000
0.0000000000000
0.0000000000000
0.0000000000000
0.0000000000000
0.0000000000000
0.0000000000000
0.0000000000000
0.0000000000000
0.0000000000000
0.0000000000000
0.0000000000000
0.0000000000000
0.0000000000000
0.0000000000000
0.0000000000000
0.0000000000000
0.0000000000000
0.0000000000000
0.0000000000000
0.0000000000000
0.0000000000000
0.0000000000000
0.0000000000000
0.0000000000000
0.0000000000000
0.0000000000000
0.0000000000000
0.0000000000000
0.0000000000000
0.0000000000000
0.0000000000000
0.0000000000000
0.0000000000000
0.0000000000000
0.0000000000000
0.0000000000000
0.0000000000000
0.0000000000000
0.0000000000000
0.0000000000000
0.0000000000000
0.0000000000000
0.0000000000000
0.0000000000000
0.0000000000000
0.0000000000000
0.0000000000000
0.0000000000000
0.0000000000000
0.0000000000000
0.0000000000000
0.0000000000000
0.0000000000000
0.0000000000000
0.0000000000000
0.0000000000000
0.0000000000000
0.0000000000000
0.0000000000000
0.0000000000000
0.0000000000000
0.0000000000000
0.0000000000000
0.0000000000000
0.0000000000000
0.0000000000000
0.0000000000000
0.0000000000000
0.0000116713326
0.0000250314069
0.0000362785585
0.0000462282871
0.0000552631875
0.0000636041029
0.0000713935839
0.0000787304513
0.0000856867416
0.0000923169789
0.0000986636597
0.0001047606955
0.0001106356767
0.0001163114185
0.0001218070497
0.0001271388007
0.0001323205864
0.0001373644455
0.0001422808785
0.0001470791106
0.0001517672990
0.0001563526994
0.0001608417996
0.0001652404296
0.0001695538510
0.0001737868325
0.0001779437119
0.0001820284491
0.0001860446707
0.0001899957083
0.0001938846307
0.0001977142724
0.0002014872580
0.0002052060232
0.0002088728333
0.0002124897997
0.0002160588940
0.0002195819608
0.0002230607287
0.0002264968204
0.0002298917615
0.0002332469885
0.0002365638562
0.0002398436433
0.0002430875593
0.0002462967488
0.0002494722967
0.0002526152322
0.0002557265331
0.0002588071290
0.0002618579048
0.0002648797034
0.0002678733287
0.0002708395478
0.0002737790937
0.0002766926670
0.0002795809381
0.0002824445490
0.0002852841149
0.0002881002255
0.0002908934470
0.0002936643230
0.0002964133756
0.0002991411072
0.0003018480007
0.0003045345214
0.0003072011170
0.0003098482194
0.0003124762448
0.0003150855948
0.0003176766570
0.0003202498057
0.0003228054025
0.0003253437972
0.0003278653278
0.0003303703215
0.0003328590947
0.0003353319541
0.0003377891967
0.0003402311103
0.0003426579739
0.0003450700582
0.0003474676257
0.0003498509312
0.0003522202222
0.0003545757390
0.0003569177149
0.0003592463770
0.0003615619458
0.0003638646359
0.0003661546559
0.0003684322089
0.0003706974926
0.0003729506994
0.0003751920169
0.0003774216276
0.0003796397094
0.0003818464359
0.0003840419761
0.0003862264950
0.0003884001534
0.0003905631082
0.0003927155128
0.0003948575166
0.0003969892656
0.0003991109025
0.0004012225664
0.0004033243936
0.0004054165169
0.0004074990664
0.0004095721692
0.0004116359495
0.0004136905289
0.0004157360263
0.0004177725579
0.0004198002377
0.0004218191770
0.0004238294850
0.0004258312685
0.0004278246319
0.0004298096779
0.0004317865067
0.0004337552166
0.0004357159041
0.0004376686635
0.0004396135875
0.0004415507668
0.0004434802904
0.0004454022457
0.0004473167182
0.0004492237919
0.0004511235492
0.0004530160711
0.0004549014368
0.0004567797243
0.0004586510100
0.0004605153691
0.0004623728753
0.0004642236009
0.0004660676172
0.0004679049940
0.0004697357999
0.0004715601023
0.0004733779676
0.0004751894609
0.0004769946462
0.0004787935864
0.0004805863435
0.0004823729782
0.0004841535505
0.0004859281191
0.0004876967420
0.0004894594760
0.0004912163772
0.0004929675006
0.0004947129006
0.0004964526305
0.0004981867427
0.0004999152890
0.0005016383203
0.0005033558867
0.0005050680374
0.0005067748211
0.0005084762856
0.0005101724779
0.0005118634446
0.0005135492312
0.0005152298828
0.0005169054437
0.0005185759576
0.0005202414676
0.0005219020161
0.0005235576449
0.0005252083952
0.0005268543077
0.0005284954223
0.0005301317786
0.0005317634154
0.0005333903712
0.0005350126837
0.0005366303904
0.0005382435278
0.0005398521325
0.0005414562401
0.0005430558859
0.0005446511049
0.0005462419313
0.0005478283990
0.0005494105415
0.0005509883918
0.0005525619825
0.0005541313457
0.0005556965131
0.0005572575161
0.0005588143855
0.0005603671518
0.0005619158453
0.0005634604955
0.0005650011318
0.0005665377834
0.0005680704786
0.0005695992459
0.0005711241131
0.0005726451077
0.0005741622571
0.0005756755881
0.0005771851272
0.0005786909006
0.0005801929344
0.0005816912540
0.0005831858848
0.0005846768518
0.0005861641797
0.0005876478928
0.0005891280153
0.0005906045709
0.0005920775833
0.0005935470757
0.0005950130711
0.0005964755923
0.0005979346616
0.0005993903013
0.0006008425334
0.0006022913796
0.0006037368613
0.0006051789998
0.0006066178159
0.0006080533306
0.0006094855642
0.0006109145370
0.0006123402691
0.0006137627804
0.0006151820904
0.0006165982185
0.0006180111839
0.0006194210056
0.0006208277024
0.0006222312927
0.0006236317951
0.0006250292276
0.0006264236081
0.0006278149546
0.0006292032845
0.0006305886153
0.0006319709642
0.0006333503482
0.0006347267841
0.0006361002887
0.0006374708785
0.0006388385697
0.0006402033785
0.0006415653209
0.0006429244128
0.0006442806698
0.0006456341074
0.0006469847410
0.0006483325856
0.0006496776565
0.0006510199683
0.0006523595360
0.0006536963739
0.0006550304967
0.0006563619185
0.0006576906534
0.0006590167156
0.0006603401188
0.0006616608767
0.0006629790030
0.0006642945111
0.0006656074143
0.0006669177258
0.0006682254586
0.0006695306257
0.0006708332399
0.0006721333138
0.0006734308600
0.0006747258909
0.0006760184188
0.0006773084559
0.0006785960143
0.0006798811058
0.0006811637424
0.0006824439358
0.0006837216976
0.0006849970392
0.0006862699720
0.0006875405074
0.0006888086564
0.0006900744302
0.0006913378396
0.0006925988957
0.0006938576089
0.0006951139902
0.0006963680499
0.0006976197984
0.0006988692463
0.0007001164036
0.0007013612806
0.0007026038872
0.0007038442335
0.0007050823293
0.0007063181843
0.0007075518083
0.0007087832108
0.0007100124013
0.0007112393892
0.0007124641838
0.0007136867944
0.0007149072301
0.0007161254998
0.0007173416127
0.0007185555776
0.0007197674033
0.0007209770984
0.0007221846717
0.0007233901317
0.0007245934867
0.0007257947453
0.0007269939158
0.0007281910063
0.0007293860250
0.0007305789801
0.0007317698794
0.0007329587309
0.0007341455425
0.0007353303218
0.0007365130767
0.0007376938148
0.0007388725435
0.0007400492704
0.0007412240028
0.0007423967482
0.0007435675137
0.0007447363065
0.0007459031337
0.0007470679998
0.0007482308593
0.0007493905632
0.0007505214900
0.0007510503935
0.0007383689532
0.0005349422451
0.0000625629773
0.0000000228112
0.0000000000000
0.0000000000000
0.0000000000000
0.0000000000000
0.0000000000000
0.0000000000000
0.0000000000000
0.0000000000000
0.0000000000000
0.0000000000000
0.0000000000000
0.0000000000000
0.0000000000000
0.0000000000000
0.0000000000000
0.0000000000000
0.0000000000000
0.0000000000000
0.0000000000000
0.0000000000000
0.0000000000000
0.0000000000000
0.0000000000000
0.0000000000000
0.0000000000000
0.0000000000000
0.0000000000000
0.0000000000000
0.0000000000000
0.0000000000000
0.0000000000000
0.0000000000000
