           1   7.35567474    
           2   7.89818192    
           3   8.30177975    
           4   8.55828094    
           5   8.66272354    
           6   8.61219311    
           7   8.40682507    
           8   8.04989815    
           9   7.54514360    
          10   6.90579414    
          11   6.13909245    
          12   5.25978184    
          13   4.28326416    
          14   3.22702527    
          15   2.11022806    
          16  0.952467442    
          17 -0.224999905    
          18  -1.40137196    
          19  -2.55636144    
          20  -3.66923952    
          21  -4.72101545    
          22  -5.69337559    
          23  -6.57061481    
          24  -7.33715343    
          25  -7.98151636    
          26  -8.49390030    
          27  -8.86349392    
          28  -9.08951473    
          29  -9.16269398    
          30  -9.09206295    
          31  -8.86566925    
          32  -8.49421310    
          33  -7.99112034    
          34  -7.35868502    
          35  -6.60824776    
          36  -5.75083494    
          37  -4.80230141    
          38  -3.77742958    
          39  -2.69415975    
          40  -1.56852603    
          41 -0.419780731    
          42  0.731825829    
          43   1.86945462    
          44   2.97181296    
          45   4.02259827    
          46   5.00239372    
          47   5.89421463    
          48   6.68343925    
          49   7.35567474    
          50   7.89818192    
